 4.97512438e-09  1.84004005e+01  8.01859510e+02  1.97655474e+03  2.77841425e+03
 1.49253731e-08  1.84003149e+01  8.01854361e+02  1.97655989e+03  2.77841425e+03
 2.48756219e-08  1.84001481e+01  8.01844062e+02  1.97657019e+03  2.77841425e+03
 3.48258706e-08  1.83999022e+01  8.01828614e+02  1.97658564e+03  2.77841425e+03
 4.47761194e-08  1.83995772e+01  8.01808016e+02  1.97660624e+03  2.77841425e+03
 5.47263682e-08  1.83991711e+01  8.01782269e+02  1.97663198e+03  2.77841425e+03
 6.46766169e-08  1.83986794e+01  8.01751374e+02  1.97666288e+03  2.77841425e+03
 7.46268657e-08  1.83980952e+01  8.01715328e+02  1.97669892e+03  2.77841425e+03
 8.45771144e-08  1.83974088e+01  8.01674133e+02  1.97674012e+03  2.77841425e+03
 9.45273632e-08  1.83966069e+01  8.01627789e+02  1.97678646e+03  2.77841425e+03
 1.04477612e-07  1.83956718e+01  8.01576296e+02  1.97683796e+03  2.77841425e+03
 1.14427861e-07  1.83945808e+01  8.01519653e+02  1.97689460e+03  2.77841425e+03
 1.24378109e-07  1.83933044e+01  8.01457861e+02  1.97695639e+03  2.77841425e+03
 1.34328358e-07  1.83918048e+01  8.01390918e+02  1.97702333e+03  2.77841425e+03
 1.44278607e-07  1.83900337e+01  8.01318826e+02  1.97709543e+03  2.77841425e+03
 1.54228856e-07  1.83879295e+01  8.01241584e+02  1.97717267e+03  2.77841425e+03
 1.64179104e-07  1.83854136e+01  8.01159193e+02  1.97725506e+03  2.77841425e+03
 1.74129353e-07  1.83823859e+01  8.01071651e+02  1.97734260e+03  2.77841425e+03
 1.84079602e-07  1.83787190e+01  8.00978959e+02  1.97743530e+03  2.77841425e+03
 1.94029851e-07  1.83742506e+01  8.00881116e+02  1.97753314e+03  2.77841425e+03
 2.03980100e-07  1.83687745e+01  8.00778122e+02  1.97763613e+03  2.77841425e+03
 2.13930348e-07  1.83620278e+01  8.00669978e+02  1.97774428e+03  2.77841426e+03
 2.23880597e-07  1.83536765e+01  8.00556682e+02  1.97785757e+03  2.77841426e+03
 2.33830846e-07  1.83432954e+01  8.00438236e+02  1.97797602e+03  2.77841426e+03
 2.43781095e-07  1.83303436e+01  8.00314638e+02  1.97809962e+03  2.77841426e+03
 2.53731343e-07  1.83141328e+01  8.00185888e+02  1.97822837e+03  2.77841426e+03
 2.63681592e-07  1.82937875e+01  8.00051985e+02  1.97836227e+03  2.77841426e+03
 2.73631841e-07  1.82681937e+01  7.99912931e+02  1.97850133e+03  2.77841426e+03
 2.83582090e-07  1.82359344e+01  7.99768724e+02  1.97864553e+03  2.77841426e+03
 2.93532338e-07  1.81952064e+01  7.99619364e+02  1.97879489e+03  2.77841426e+03
 3.03482587e-07  1.81437160e+01  7.99464851e+02  1.97894941e+03  2.77841426e+03
 3.13432836e-07  1.80785449e+01  7.99305183e+02  1.97910908e+03  2.77841426e+03
 3.23383085e-07  1.79959804e+01  7.99140363e+02  1.97927390e+03  2.77841426e+03
 3.33333333e-07  1.78912989e+01  7.98970387e+02  1.97944387e+03  2.77841426e+03
 3.43283582e-07  1.77584912e+01  7.98795258e+02  1.97961900e+03  2.77841426e+03
 3.53233831e-07  1.75899119e+01  7.98614973e+02  1.97979929e+03  2.77841426e+03
 3.63184080e-07  1.73758343e+01  7.98429532e+02  1.97998473e+03  2.77841426e+03
 3.73134328e-07  1.71038838e+01  7.98238936e+02  1.98017533e+03  2.77841426e+03
 3.83084577e-07  1.67583169e+01  7.98043183e+02  1.98037108e+03  2.77841426e+03
 3.93034826e-07  1.63191042e+01  7.97842273e+02  1.98057199e+03  2.77841426e+03
 4.02985075e-07  1.57607635e+01  7.97636206e+02  1.98077806e+03  2.77841426e+03
 4.12935323e-07  1.50508752e+01  7.97424981e+02  1.98098928e+03  2.77841426e+03
 4.22885572e-07  1.41481938e+01  7.97208598e+02  1.98120567e+03  2.77841426e+03
 4.32835821e-07  1.30002453e+01  7.96987056e+02  1.98142721e+03  2.77841427e+03
 4.42786070e-07  1.15402700e+01  7.96760353e+02  1.98165391e+03  2.77841427e+03
 4.52736318e-07  9.68333387e+00  7.96528491e+02  1.98188578e+03  2.77841427e+03
 4.62686567e-07  7.32138029e+00  7.96291468e+02  1.98212280e+03  2.77841427e+03
 4.72636816e-07  4.31693576e+00  7.96049283e+02  1.98236498e+03  2.77841427e+03
 4.82587065e-07  4.95101753e-01  7.95801935e+02  1.98261233e+03  2.77841427e+03
 4.92537313e-07 -4.36663322e+00  7.95549424e+02  1.98286484e+03  2.77841427e+03
 5.02487562e-07 -1.05513544e+01  7.95291748e+02  1.98312252e+03  2.77841427e+03
 5.12437811e-07 -1.84192092e+01  7.95028906e+02  1.98338536e+03  2.77841427e+03
 5.22388060e-07 -2.84283826e+01  7.94760897e+02  1.98365337e+03  2.77841427e+03
 5.32338308e-07 -4.11617800e+01  7.94487718e+02  1.98392655e+03  2.77841427e+03
 5.42288557e-07 -5.73609701e+01  7.94209368e+02  1.98420490e+03  2.77841427e+03
 5.52238806e-07 -7.79693598e+01  7.93925845e+02  1.98448843e+03  2.77841427e+03
 5.62189055e-07 -1.04187112e+02  7.93637144e+02  1.98477713e+03  2.77841427e+03
 5.72139303e-07 -1.37540989e+02  7.93343263e+02  1.98507101e+03  2.77841427e+03
 5.82089552e-07 -1.79973185e+02  7.93044196e+02  1.98537008e+03  2.77841427e+03
 5.92039801e-07 -2.33954275e+02  7.92739939e+02  1.98567434e+03  2.77841428e+03
 6.01990050e-07 -3.02626830e+02  7.92430482e+02  1.98598379e+03  2.77841428e+03
 6.11940299e-07 -3.89987979e+02  7.92115816e+02  1.98629846e+03  2.77841428e+03
 6.21890547e-07 -5.01121431e+02  7.91795930e+02  1.98661835e+03  2.77841428e+03
 6.31840796e-07 -6.42492270e+02  7.91470809e+02  1.98694347e+03  2.77841428e+03
 6.41791045e-07 -8.22321371e+02  7.91140432e+02  1.98727385e+03  2.77841428e+03
 6.51741294e-07 -1.05106071e+03  7.90804774e+02  1.98760950e+03  2.77841428e+03
 6.61691542e-07 -1.34199642e+03  7.90463804e+02  1.98795048e+03  2.77841428e+03
 6.71641791e-07 -1.71201328e+03  7.90117480e+02  1.98829680e+03  2.77841428e+03
 6.81592040e-07 -2.18256300e+03  7.89765747e+02  1.98864853e+03  2.77841428e+03
 6.91542289e-07 -2.78088901e+03  7.89408539e+02  1.98900574e+03  2.77841428e+03
 7.01492537e-07 -3.54157328e+03  7.89045765e+02  1.98936852e+03  2.77841428e+03
 7.11442786e-07 -4.50848584e+03  7.88677314e+02  1.98973697e+03  2.77841428e+03
 7.21393035e-07 -5.73723534e+03  7.88303037e+02  1.99011125e+03  2.77841429e+03
 7.31343284e-07 -7.29823921e+03  7.87922745e+02  1.99049154e+03  2.77841429e+03
 7.41293532e-07 -9.28055295e+03  7.87536193e+02  1.99087810e+03  2.77841429e+03
 7.51243781e-07 -1.17966197e+04  7.87143066e+02  1.99127122e+03  2.77841429e+03
 7.61194030e-07 -1.49881177e+04  7.86742954e+02  1.99167134e+03  2.77841429e+03
 7.71144279e-07 -1.90330892e+04  7.86335328e+02  1.99207897e+03  2.77841430e+03
 7.81094527e-07 -2.41545211e+04  7.85919501e+02  1.99249480e+03  2.77841430e+03
 7.91044776e-07 -3.06304923e+04  7.85494579e+02  1.99291972e+03  2.77841430e+03
 8.00995025e-07 -3.88058897e+04  7.85059404e+02  1.99335491e+03  2.77841431e+03
 8.10945274e-07 -4.91054742e+04  7.84612454e+02  1.99380186e+03  2.77841431e+03
 8.20895522e-07 -6.20477197e+04  7.84151745e+02  1.99426258e+03  2.77841432e+03
 8.30845771e-07 -7.82582761e+04  7.83674653e+02  1.99473968e+03  2.77841433e+03
 8.40796020e-07 -9.84810896e+04  7.83177711e+02  1.99523663e+03  2.77841434e+03
 8.50746269e-07 -1.23584122e+05  7.82656293e+02  1.99575806e+03  2.77841436e+03
 8.60696517e-07 -1.54555322e+05  7.82104173e+02  1.99631019e+03  2.77841437e+03
 8.70646766e-07 -1.92483303e+05  7.81512893e+02  1.99690149e+03  2.77841438e+03
 8.80597015e-07 -2.38516544e+05  7.80870799e+02  1.99754359e+03  2.77841439e+03
 8.90547264e-07 -2.93795874e+05  7.80161603e+02  1.99825280e+03  2.77841440e+03
 9.00497512e-07 -3.59358494e+05  7.79362138e+02  1.99905227e+03  2.77841441e+03
 9.10447761e-07 -4.36018834e+05  7.78438763e+02  1.99997565e+03  2.77841441e+03
 9.20398010e-07 -5.24241758e+05  7.77341518e+02  2.00107289e+03  2.77841441e+03
 9.30348259e-07 -6.24034360e+05  7.75994303e+02  2.00242010e+03  2.77841441e+03
 9.40298507e-07 -7.34888710e+05  7.74278102e+02  2.00413629e+03  2.77841440e+03
 9.50248756e-07 -8.55803296e+05  7.72001839e+02  2.00641254e+03  2.77841438e+03
 9.60199005e-07 -9.85393184e+05  7.68852237e+02  2.00956213e+03  2.77841437e+03
 9.70149254e-07 -1.12207320e+06  7.64313867e+02  2.01410049e+03  2.77841436e+03
 9.80099502e-07 -1.26427790e+06  7.57582297e+02  2.02083206e+03  2.77841435e+03
 9.90049751e-07 -1.41068115e+06  7.47690107e+02  2.03072424e+03  2.77841435e+03
 1.00000000e-06 -1.56040700e+06  7.34655551e+02  2.04375880e+03  2.77841435e+03
 1.00995025e-06 -1.41068130e+06  7.21621177e+02  2.05679319e+03  2.77841437e+03
 1.01990050e-06 -1.26427819e+06  7.11729382e+02  2.06668500e+03  2.77841439e+03
 1.02985075e-06 -1.12207363e+06  7.04998257e+02  2.07341616e+03  2.77841441e+03
 1.03980100e-06 -9.85393752e+05  7.00460325e+02  2.07795412e+03  2.77841445e+03
 1.04975124e-06 -8.55803993e+05  6.97311143e+02  2.08110335e+03  2.77841449e+03
 1.05970149e-06 -7.34889522e+05  6.95035286e+02  2.08337924e+03  2.77841453e+03
 1.06965174e-06 -6.24035269e+05  6.93319481e+02  2.08509508e+03  2.77841456e+03
 1.07960199e-06 -5.24242742e+05  6.91972661e+02  2.08644192e+03  2.77841458e+03
 1.08955224e-06 -4.36019872e+05  6.90875814e+02  2.08753878e+03  2.77841459e+03
 1.09950249e-06 -3.59359567e+05  6.89952847e+02  2.08846174e+03  2.77841459e+03
 1.10945274e-06 -2.93796965e+05  6.89153804e+02  2.08926077e+03  2.77841457e+03
 1.11940299e-06 -2.38517638e+05  6.88445052e+02  2.08996949e+03  2.77841454e+03
 1.12935323e-06 -1.92484390e+05  6.87803424e+02  2.09061109e+03  2.77841451e+03
 1.13930348e-06 -1.54556396e+05  6.87212639e+02  2.09120184e+03  2.77841447e+03
 1.14925373e-06 -1.23585178e+05  6.86661049e+02  2.09175340e+03  2.77841445e+03
 1.15920398e-06 -9.84821262e+04  6.86140193e+02  2.09227422e+03  2.77841441e+03
 1.16915423e-06 -7.82592930e+04  6.85643850e+02  2.09277053e+03  2.77841438e+03
 1.17910448e-06 -6.20487179e+04  6.85167395e+02  2.09324697e+03  2.77841436e+03
 1.18905473e-06 -4.91064553e+04  6.84707359e+02  2.09370698e+03  2.77841433e+03
 1.19900498e-06 -3.88068557e+04  6.84261122e+02  2.09415320e+03  2.77841432e+03
 1.20895522e-06 -3.06314454e+04  6.83826697e+02  2.09458760e+03  2.77841430e+03
 1.21890547e-06 -2.41554635e+04  6.83402565e+02  2.09501173e+03  2.77841429e+03
 1.22885572e-06 -1.90340230e+04  6.82987563e+02  2.09542672e+03  2.77841428e+03
 1.23880597e-06 -1.49890449e+04  6.82580799e+02  2.09583348e+03  2.77841428e+03
 1.24875622e-06 -1.17975420e+04  6.82181583e+02  2.09623269e+03  2.77841427e+03
 1.25870647e-06 -9.28147195e+03  6.81789386e+02  2.09662488e+03  2.77841427e+03
 1.26865672e-06 -7.29915629e+03  6.81403797e+02  2.09701047e+03  2.77841426e+03
 1.27860697e-06 -5.73815168e+03  6.81024499e+02  2.09738976e+03  2.77841426e+03
 1.28855721e-06 -4.50940244e+03  6.80651245e+02  2.09776301e+03  2.77841426e+03
 1.29850746e-06 -3.54249101e+03  6.80283845e+02  2.09813041e+03  2.77841426e+03
 1.30845771e-06 -2.78180858e+03  6.79922149e+02  2.09849211e+03  2.77841425e+03
 1.31840796e-06 -2.18348501e+03  6.79566044e+02  2.09884821e+03  2.77841425e+03
 1.32835821e-06 -1.71293822e+03  6.79215438e+02  2.09919881e+03  2.77841425e+03
 1.33830846e-06 -1.34292469e+03  6.78870262e+02  2.09954399e+03  2.77841425e+03
 1.34825871e-06 -1.05199263e+03  6.78530460e+02  2.09988379e+03  2.77841425e+03
 1.35820896e-06 -8.23257186e+02  6.78195989e+02  2.10021826e+03  2.77841425e+03
 1.36815920e-06 -6.43432185e+02  6.77866817e+02  2.10054744e+03  2.77841425e+03
 1.37810945e-06 -5.02065596e+02  6.77542915e+02  2.10087134e+03  2.77841425e+03
 1.38805970e-06 -3.90936504e+02  6.77224262e+02  2.10118999e+03  2.77841425e+03
 1.39800995e-06 -3.03579791e+02  6.76910843e+02  2.10150341e+03  2.77841425e+03
 1.40796020e-06 -2.34911721e+02  6.76602642e+02  2.10181161e+03  2.77841425e+03
 1.41791045e-06 -1.80935140e+02  6.76299650e+02  2.10211460e+03  2.77841425e+03
 1.42786070e-06 -1.38507459e+02  6.76001857e+02  2.10241240e+03  2.77841425e+03
 1.43781095e-06 -1.05158085e+02  6.75709255e+02  2.10270500e+03  2.77841425e+03
 1.44776119e-06 -7.89448136e+01  6.75421839e+02  2.10299242e+03  2.77841425e+03
 1.45771144e-06 -5.83408689e+01  6.75139603e+02  2.10327465e+03  2.77841425e+03
 1.46766169e-06 -4.21460798e+01  6.74862543e+02  2.10355171e+03  2.77841425e+03
 1.47761194e-06 -2.94170318e+01  6.74590655e+02  2.10382360e+03  2.77841425e+03
 1.48756219e-06 -1.94121502e+01  6.74323935e+02  2.10409032e+03  2.77841425e+03
 1.49751244e-06 -1.15485244e+01  6.74062380e+02  2.10435187e+03  2.77841425e+03
 1.50746269e-06 -5.36796549e+00  6.73805988e+02  2.10460827e+03  2.77841426e+03
 1.51741294e-06 -5.10322606e-01  6.73554755e+02  2.10485950e+03  2.77841426e+03
 1.52736318e-06  3.30749222e+00  6.73308681e+02  2.10510557e+03  2.77841425e+03
 1.53731343e-06  6.30799270e+00  6.73067761e+02  2.10534649e+03  2.77841426e+03
 1.54726368e-06  8.66607922e+00  6.72831995e+02  2.10558226e+03  2.77841426e+03
 1.55721393e-06  1.05192267e+01  6.72601380e+02  2.10581288e+03  2.77841426e+03
 1.56716418e-06  1.19754930e+01  6.72375915e+02  2.10603834e+03  2.77841426e+03
 1.57711443e-06  1.31198131e+01  6.72155597e+02  2.10625866e+03  2.77841426e+03
 1.58706468e-06  1.40189476e+01  6.71940425e+02  2.10647383e+03  2.77841426e+03
 1.59701493e-06  1.47253710e+01  6.71730398e+02  2.10668386e+03  2.77841426e+03
 1.60696517e-06  1.52803294e+01  6.71525513e+02  2.10688874e+03  2.77841426e+03
 1.61691542e-06  1.57162427e+01  6.71325769e+02  2.10708849e+03  2.77841426e+03
 1.62686567e-06  1.60585934e+01  6.71131164e+02  2.10728309e+03  2.77841426e+03
 1.63681592e-06  1.63274114e+01  6.70941698e+02  2.10747256e+03  2.77841426e+03
 1.64676617e-06  1.65384402e+01  6.70757369e+02  2.10765689e+03  2.77841426e+03
 1.65671642e-06  1.67040547e+01  6.70578175e+02  2.10783608e+03  2.77841426e+03
 1.66666667e-06  1.68339817e+01  6.70404115e+02  2.10801014e+03  2.77841426e+03
 1.67661692e-06  1.69358667e+01  6.70235187e+02  2.10817907e+03  2.77841426e+03
 1.68656716e-06  1.70157189e+01  6.70071392e+02  2.10834287e+03  2.77841426e+03
 1.69651741e-06  1.70782621e+01  6.69912726e+02  2.10850153e+03  2.77841426e+03
 1.70646766e-06  1.71272090e+01  6.69759190e+02  2.10865507e+03  2.77841426e+03
 1.71641791e-06  1.71654779e+01  6.69610782e+02  2.10880348e+03  2.77841426e+03
 1.72636816e-06  1.71953626e+01  6.69467501e+02  2.10894676e+03  2.77841426e+03
 1.73631841e-06  1.72186662e+01  6.69329346e+02  2.10908491e+03  2.77841426e+03
 1.74626866e-06  1.72368058e+01  6.69196316e+02  2.10921794e+03  2.77841426e+03
 1.75621891e-06  1.72508955e+01  6.69068410e+02  2.10934585e+03  2.77841426e+03
 1.76616915e-06  1.72618107e+01  6.68945627e+02  2.10946863e+03  2.77841426e+03
 1.77611940e-06  1.72702398e+01  6.68827966e+02  2.10958629e+03  2.77841426e+03
 1.78606965e-06  1.72767236e+01  6.68715427e+02  2.10969883e+03  2.77841426e+03
 1.79601990e-06  1.72816873e+01  6.68608008e+02  2.10980625e+03  2.77841426e+03
 1.80597015e-06  1.72854650e+01  6.68505709e+02  2.10990855e+03  2.77841426e+03
 1.81592040e-06  1.72883195e+01  6.68408529e+02  2.11000573e+03  2.77841426e+03
 1.82587065e-06  1.72904571e+01  6.68316468e+02  2.11009779e+03  2.77841426e+03
 1.83582090e-06  1.72920401e+01  6.68229525e+02  2.11018473e+03  2.77841426e+03
 1.84577114e-06  1.72931958e+01  6.68147699e+02  2.11026656e+03  2.77841426e+03
 1.85572139e-06  1.72940244e+01  6.68070989e+02  2.11034327e+03  2.77841426e+03
 1.86567164e-06  1.72946045e+01  6.67999396e+02  2.11041486e+03  2.77841426e+03
 1.87562189e-06  1.72949977e+01  6.67932918e+02  2.11048134e+03  2.77841426e+03
 1.88557214e-06  1.72952523e+01  6.67871556e+02  2.11054270e+03  2.77841426e+03
 1.89552239e-06  1.72954062e+01  6.67815308e+02  2.11059895e+03  2.77841426e+03
 1.90547264e-06  1.72954888e+01  6.67764175e+02  2.11065008e+03  2.77841426e+03
 1.91542289e-06  1.72955231e+01  6.67718156e+02  2.11069610e+03  2.77841426e+03
 1.92537313e-06  1.72955265e+01  6.67677251e+02  2.11073701e+03  2.77841426e+03
 1.93532338e-06  1.72955125e+01  6.67641459e+02  2.11077280e+03  2.77841426e+03
 1.94527363e-06  1.72954910e+01  6.67610781e+02  2.11080348e+03  2.77841426e+03
 1.95522388e-06  1.72954690e+01  6.67585216e+02  2.11082904e+03  2.77841426e+03
 1.96517413e-06  1.72954510e+01  6.67564764e+02  2.11084949e+03  2.77841426e+03
 1.97512438e-06  1.72954393e+01  6.67549425e+02  2.11086483e+03  2.77841426e+03
 1.98507463e-06  3.45908708e+01  6.67539199e+02  2.11087499e+03  2.77841419e+03
 1.99502488e-06 -0.00000000e+00  6.67534086e+02  2.11088024e+03  2.77841433e+03
