 0.00000000e+00  1.44831938e-01  1.00000000e+22  1.16643594e+10  0.00000000e+00
 9.95024876e-09  1.44831755e-01  1.00000323e+22  3.23012763e+16 -5.65512346e+12
 1.99004975e-08  1.44831572e-01  1.00000646e+22  6.46023963e+16 -1.10190469e+13
 2.98507463e-08  1.44831389e-01  1.00000969e+22  9.69034559e+16 -1.62411147e+13
 3.98009950e-08  1.44831206e-01  1.00001292e+22  1.29204539e+17 -2.14624234e+13
 4.97512438e-08  1.44831023e-01  1.00001615e+22  1.61505730e+17 -2.68240106e+13
 5.97014925e-08  1.44830839e-01  1.00001938e+22  1.93807114e+17 -3.24751097e+13
 6.96517413e-08  1.44830656e-01  1.00002261e+22  2.26108773e+17 -3.85818129e+13
 7.96019900e-08  1.44830473e-01  1.00002584e+22  2.58410793e+17 -4.53367562e+13
 8.95522388e-08  1.44830290e-01  1.00002907e+22  2.90713257e+17 -5.29703161e+13
 9.95024876e-08  1.44830107e-01  1.00003230e+22  3.23016250e+17 -6.17640687e+13
 1.09452736e-07  1.44829924e-01  1.00003552e+22  3.55319856e+17 -7.20671584e+13
 1.19402985e-07  1.44829741e-01  1.00003875e+22  3.87624159e+17 -8.43166442e+13
 1.29353234e-07  1.44829558e-01  1.00004198e+22  4.19929244e+17 -9.90629572e+13
 1.39303483e-07  1.44829375e-01  1.00004521e+22  4.52235194e+17 -1.17001939e+14
 1.49253731e-07  1.44829192e-01  1.00004844e+22  4.84542093e+17 -1.39015416e+14
 1.59203980e-07  1.44829009e-01  1.00005167e+22  5.16850027e+17 -1.66222532e+14
 1.69154229e-07  1.44828826e-01  1.00005490e+22  5.49159079e+17 -2.00044953e+14
 1.79104478e-07  1.44828643e-01  1.00005812e+22  5.81469334e+17 -2.42289652e+14
 1.89054726e-07  1.44828460e-01  1.00006135e+22  6.13780876e+17 -2.95254205e+14
 1.99004975e-07  1.44828278e-01  1.00006457e+22  6.46093789e+17 -3.61860585e+14
 2.08955224e-07  1.44828095e-01  1.00006780e+22  6.78408158e+17 -4.45825394e+14
 2.18905473e-07  1.44827912e-01  1.00007102e+22  7.10724068e+17 -5.51876341e+14
 2.28855721e-07  1.44827730e-01  1.00007424e+22  7.43041603e+17 -6.86027656e+14
 2.38805970e-07  1.44827547e-01  1.00007745e+22  7.75360849e+17 -8.55930424e+14
 2.48756219e-07  1.44827365e-01  1.00008066e+22  8.07681891e+17 -1.07131824e+15
 2.58706468e-07  1.44827182e-01  1.00008387e+22  8.40004813e+17 -1.34457428e+15
 2.68656716e-07  1.44827000e-01  1.00008706e+22  8.72329703e+17 -1.69145257e+15
 2.78606965e-07  1.44826819e-01  1.00009025e+22  9.04656647e+17 -2.13199581e+15
 2.88557214e-07  1.44826637e-01  1.00009343e+22  9.36985731e+17 -2.69170283e+15
 2.98507463e-07  1.44826456e-01  1.00009659e+22  9.69317044e+17 -3.40301405e+15
 3.08457711e-07  1.44826276e-01  1.00009973e+22  1.00165068e+18 -4.30720125e+15
 3.18407960e-07  1.44826096e-01  1.00010285e+22  1.03398672e+18 -5.45677186e+15
 3.28358209e-07  1.44825917e-01  1.00010594e+22  1.06632526e+18 -6.91852771e+15
 3.38308458e-07  1.44825739e-01  1.00010899e+22  1.09866640e+18 -8.77745662e+15
 3.48258706e-07  1.44825562e-01  1.00011199e+22  1.13101023e+18 -1.11416834e+16
 3.58208955e-07  1.44825387e-01  1.00011492e+22  1.16335687e+18 -1.41487686e+16
 3.68159204e-07  1.44825214e-01  1.00011777e+22  1.19570641e+18 -1.79737223e+16
 3.78109453e-07  1.44825044e-01  1.00012052e+22  1.22805898e+18 -2.28391995e+16
 3.88059701e-07  1.44824877e-01  1.00012314e+22  1.26041470e+18 -2.90284708e+16
 3.98009950e-07  1.44824715e-01  1.00012559e+22  1.29277372e+18 -3.69019251e+16
 4.07960199e-07  1.44824558e-01  1.00012782e+22  1.32513617e+18 -4.69180636e+16
 4.17910448e-07  1.44824408e-01  1.00012978e+22  1.35750225e+18 -5.96602104e+16
 4.27860697e-07  1.44824267e-01  1.00013140e+22  1.38987216e+18 -7.58704937e+16
 4.37810945e-07  1.44824138e-01  1.00013258e+22  1.42224613e+18 -9.64930781e+16
 4.47761194e-07  1.44824023e-01  1.00013319e+22  1.45462445e+18 -1.22729165e+17
 4.57711443e-07  1.44823927e-01  1.00013309e+22  1.48700747e+18 -1.56106964e+17
 4.67661692e-07  1.44823854e-01  1.00013208e+22  1.51939561e+18 -1.98570714e+17
 4.77611940e-07  1.44823811e-01  1.00012992e+22  1.55178939e+18 -2.52593924e+17
 4.87562189e-07  1.44823806e-01  1.00012629e+22  1.58418946e+18 -3.21323446e+17
 4.97512438e-07  1.44823849e-01  1.00012078e+22  1.61659665e+18 -4.08762746e+17
 5.07462687e-07  1.44823954e-01  1.00011290e+22  1.64901199e+18 -5.20005042e+17
 5.17412935e-07  1.44824138e-01  1.00010199e+22  1.68143681e+18 -6.61529870e+17
 5.27363184e-07  1.44824421e-01  1.00008723e+22  1.71387277e+18 -8.41580306e+17
 5.37313433e-07  1.44824830e-01  1.00006757e+22  1.74632203e+18 -1.07064277e+18
 5.47263682e-07  1.44825401e-01  1.00004167e+22  1.77878734e+18 -1.36205725e+18
 5.57213930e-07  1.44826177e-01  1.00000785e+22  1.81127224e+18 -1.73279331e+18
 5.67164179e-07  1.44827213e-01  9.99963934e+21  1.84378128e+18 -2.20443682e+18
 5.77114428e-07  1.44828582e-01  9.99907188e+21  1.87632030e+18 -2.80444445e+18
 5.87064677e-07  1.44830373e-01  9.99834116e+21  1.90889685e+18 -3.56773828e+18
 5.97014925e-07  1.44832701e-01  9.99740279e+21  1.94152062e+18 -4.53873209e+18
 6.06965174e-07  1.44835712e-01  9.99620030e+21  1.97420414e+18 -5.77390567e+18
 6.16915423e-07  1.44839592e-01  9.99466189e+21  2.00696355e+18 -7.34507365e+18
 6.26865672e-07  1.44844579e-01  9.99269629e+21  2.03981966e+18 -9.34353441e+18
 6.36815920e-07  1.44850972e-01  9.99018747e+21  2.07279932e+18 -1.18853323e+19
 6.46766169e-07  1.44859154e-01  9.98698801e+21  2.10593717e+18 -1.51179263e+19
 6.56716418e-07  1.44869612e-01  9.98291065e+21  2.13927790e+18 -1.92286319e+19
 6.66666667e-07  1.44882965e-01  9.97771759e+21  2.17287918e+18 -2.44552931e+19
 6.76616915e-07  1.44900000e-01  9.97110707e+21  2.20681543e+18 -3.10997487e+19
 6.86567164e-07  1.44921717e-01  9.96269640e+21  2.24118272e+18 -3.95447873e+19
 6.96517413e-07  1.44949388e-01  9.95200067e+21  2.27610510e+18 -5.02754305e+19
 7.06467662e-07  1.44984628e-01  9.93840620e+21  2.31174279e+18 -6.39055475e+19
 7.16417910e-07  1.45029488e-01  9.92113733e+21  2.34830284e+18 -8.12109738e+19
 7.26368159e-07  1.45086575e-01  9.89921560e+21  2.38605300e+18 -1.03170453e+20
 7.36318408e-07  1.45159194e-01  9.87140952e+21  2.42533981e+18 -1.31015824e+20
 7.46268657e-07  1.45251538e-01  9.83617378e+21  2.46661230e+18 -1.66292831e+20
 7.56218905e-07  1.45368917e-01  9.79157677e+21  2.51045313e+18 -2.10933684e+20
 7.66169154e-07  1.45518053e-01  9.73521584e+21  2.55761981e+18 -2.67341776e+20
 7.76119403e-07  1.45707437e-01  9.66412150e+21  2.60909959e+18 -3.38487597e+20
 7.86069652e-07  1.45947780e-01  9.57465386e+21  2.66618295e+18 -4.28012326e+20
 7.96019900e-07  1.46252561e-01  9.46239913e+21  2.73056339e+18 -5.40331435e+20
 8.05970149e-07  1.46638690e-01  9.32208046e+21  2.80447392e+18 -6.80724010e+20
 8.15920398e-07  1.47127301e-01  9.14750713e+21  2.89087664e+18 -8.55383750e+20
 8.25870647e-07  1.47744692e-01  8.93159955e+21  2.99372981e+18 -1.07139418e+21
 8.35820896e-07  1.48523381e-01  8.66654458e+21  3.11837041e+18 -1.33657379e+21
 8.45771144e-07  1.49503292e-01  8.34415306e+21  3.27207252e+18 -1.65911901e+21
 8.55721393e-07  1.50732985e-01  7.95650466e+21  3.46487849e+18 -2.04696022e+21
 8.65671642e-07  1.52270849e-01  7.49696050e+21  3.71086274e+18 -2.50675036e+21
 8.75621891e-07  1.54186106e-01  6.96158382e+21  4.03009693e+18 -3.04244627e+21
 8.85572139e-07  1.56559405e-01  6.35090950e+21  4.45177736e+18 -3.65354227e+21
 8.95522388e-07  1.59482747e-01  5.67183005e+21  5.01932460e+18 -4.33318927e+21
 9.05472637e-07  1.63058453e-01  4.93913492e+21  5.79891085e+18 -5.06666399e+21
 9.15422886e-07  1.67396949e-01  4.17603146e+21  6.89409995e+18 -5.83086264e+21
 9.25373134e-07  1.72613285e-01  3.41294148e+21  8.47168364e+18 -6.59553020e+21
 9.35323383e-07  1.78822582e-01  2.68418128e+21  1.08086170e+19 -7.32662733e+21
 9.45273632e-07  1.86134907e-01  2.02284769e+21  1.43799233e+19 -7.99153223e+21
 9.55223881e-07  1.94650363e-01  1.45512514e+21  2.00287051e+19 -8.56490356e+21
 9.65174129e-07  2.04455270e-01  9.95799005e+20  2.93062570e+19 -9.03350725e+21
 9.75124378e-07  2.15620178e-01  6.46531073e+20  4.51771186e+19 -9.39864605e+21
 9.85074627e-07  2.28200057e-01  3.97397527e+20  7.35364357e+19 -9.67613891e+21
 9.95024876e-07  2.42236686e-01  2.30870242e+20  1.26607329e+20 -9.89573709e+21
 1.00497512e-06  2.57763124e-01  1.26603052e+20  2.30875439e+20  9.89572761e+21
 1.01492537e-06  2.71799753e-01  7.35328012e+19  3.97403422e+20  9.67612938e+21
 1.02487562e-06  2.84379636e-01  4.51739523e+19  6.46537355e+20  9.39863660e+21
 1.03482587e-06  2.95544548e-01  2.93034186e+19  9.95805295e+20  9.03349812e+21
 1.04477612e-06  3.05349461e-01  2.00260812e+19  1.45513103e+21  8.56489506e+21
 1.05472637e-06  3.13864923e-01  1.43774236e+19  2.02285276e+21  7.99152466e+21
 1.06467662e-06  3.21177257e-01  1.08061708e+19  2.68418521e+21  7.32662096e+21
 1.07462687e-06  3.27386563e-01  8.46923470e+18  3.41294404e+21  6.59552519e+21
 1.08457711e-06  3.32602909e-01  6.89160267e+18  4.17603257e+21  5.83085903e+21
 1.09452736e-06  3.36941415e-01  5.79632768e+18  4.93913463e+21  5.06666170e+21
 1.10447761e-06  3.40517132e-01  5.01662418e+18  5.67182850e+21  4.33318813e+21
 1.11442786e-06  3.43440485e-01  4.44893331e+18  6.35090689e+21  3.65354204e+21
 1.12437811e-06  3.45813795e-01  4.02708709e+18  6.96158037e+21  3.04244671e+21
 1.13432836e-06  3.47729062e-01  3.70766870e+18  7.49695641e+21  2.50675126e+21
 1.14427861e-06  3.49266937e-01  3.46148518e+18  7.95650010e+21  2.04696139e+21
 1.15422886e-06  3.50496640e-01  3.26846803e+18  8.34414817e+21  1.65912030e+21
 1.16417910e-06  3.51476562e-01  3.11454569e+18  8.66653945e+21  1.33657509e+21
 1.17412935e-06  3.52255261e-01  2.98967847e+18  8.93159426e+21  1.07139542e+21
 1.18407960e-06  3.52872661e-01  2.88659473e+18  9.14750171e+21  8.55384882e+20
 1.19402985e-06  3.53361283e-01  2.79995968e+18  9.32207495e+21  6.80725007e+20
 1.20398010e-06  3.53747421e-01  2.72581703e+18  9.46239353e+21  5.40332287e+20
 1.21393035e-06  3.54052211e-01  2.66120643e+18  9.57464817e+21  4.28013033e+20
 1.22388060e-06  3.54292564e-01  2.60389638e+18  9.66411573e+21  3.38488165e+20
 1.23383085e-06  3.54481957e-01  2.55219469e+18  9.73520998e+21  2.67342215e+20
 1.24378109e-06  3.54631102e-01  2.50481199e+18  9.79157081e+21  2.10934005e+20
 1.25373134e-06  3.54748490e-01  2.46076198e+18  9.83616771e+21  1.66293049e+20
 1.26368159e-06  3.54840843e-01  2.41928791e+18  9.87140334e+21  1.31015952e+20
 1.27363184e-06  3.54913472e-01  2.37980777e+18  9.89920930e+21  1.03170503e+20
 1.28358209e-06  3.54970568e-01  2.34187301e+18  9.92113092e+21  8.12109563e+19
 1.29353234e-06  3.55015438e-01  2.30513752e+18  9.93839966e+21  6.39054734e+19
 1.30348259e-06  3.55050686e-01  2.26933383e+18  9.95199402e+21  5.02753089e+19
 1.31343284e-06  3.55078366e-01  2.23425513e+18  9.96268963e+21  3.95446263e+19
 1.32338308e-06  3.55100092e-01  2.19974134e+18  9.97110019e+21  3.10995553e+19
 1.33333333e-06  3.55117136e-01  2.16566853e+18  9.97771060e+21  2.44550733e+19
 1.34328358e-06  3.55130499e-01  2.13194068e+18  9.98290355e+21  1.92283910e+19
 1.35323383e-06  3.55140966e-01  2.09848337e+18  9.98698081e+21  1.51176685e+19
 1.36318408e-06  3.55149158e-01  2.06523893e+18  9.99018018e+21  1.18850615e+19
 1.37313433e-06  3.55155560e-01  2.03216260e+18  9.99268891e+21  9.34325366e+18
 1.38308458e-06  3.55160556e-01  1.99921968e+18  9.99465443e+21  7.34478563e+18
 1.39303483e-06  3.55164446e-01  1.96638324e+18  9.99619277e+21  5.77361261e+18
 1.40298507e-06  3.55167467e-01  1.93363236e+18  9.99739520e+21  4.53843584e+18
 1.41293532e-06  3.55169804e-01  1.90095078e+18  9.99833351e+21  3.56744037e+18
 1.42288557e-06  3.55171604e-01  1.86832587e+18  9.99906418e+21  2.80414619e+18
 1.43283582e-06  3.55172982e-01  1.83574778e+18  9.99963161e+21  2.20413926e+18
 1.44278607e-06  3.55174029e-01  1.80320884e+18  1.00000707e+22  1.73249734e+18
 1.45273632e-06  3.55174814e-01  1.77070305e+18  1.00004089e+22  1.36176359e+18
 1.46268657e-06  3.55175395e-01  1.73822572e+18  1.00006679e+22  1.07035202e+18
 1.47263682e-06  3.55175814e-01  1.70577317e+18  1.00008645e+22  8.41292960e+17
 1.48258706e-06  3.55176107e-01  1.67334249e+18  1.00010121e+22  6.61246333e+17
 1.49253731e-06  3.55176300e-01  1.64093137e+18  1.00011212e+22  5.19725648e+17
 1.50248756e-06  3.55176415e-01  1.60853797e+18  1.00012001e+22  4.08487765e+17
 1.51243781e-06  3.55176468e-01  1.57616083e+18  1.00012551e+22  3.21053101e+17
 1.52238806e-06  3.55176473e-01  1.54379874e+18  1.00012915e+22  2.52328396e+17
 1.53233831e-06  3.55176441e-01  1.51145072e+18  1.00013131e+22  1.98310150e+17
 1.54228856e-06  3.55176378e-01  1.47911596e+18  1.00013233e+22  1.55851486e+17
 1.55223881e-06  3.55176292e-01  1.44679379e+18  1.00013243e+22  1.22478869e+17
 1.56218905e-06  3.55176187e-01  1.41448360e+18  1.00013182e+22  9.62480447e+16
 1.57213930e-06  3.55176068e-01  1.38218490e+18  1.00013066e+22  7.56307866e+16
 1.58208955e-06  3.55175937e-01  1.34989724e+18  1.00012905e+22  5.94258817e+16
 1.59203980e-06  3.55175798e-01  1.31762021e+18  1.00012709e+22  4.66891553e+16
 1.60199005e-06  3.55175651e-01  1.28535346e+18  1.00012487e+22  3.66784711e+16
 1.61194030e-06  3.55175499e-01  1.25309664e+18  1.00012243e+22  2.88104984e+16
 1.62189055e-06  3.55175343e-01  1.22084943e+18  1.00011982e+22  2.26267304e+16
 1.63184080e-06  3.55175183e-01  1.18861154e+18  1.00011708e+22  1.77667742e+16
 1.64179104e-06  3.55175021e-01  1.15638267e+18  1.00011424e+22  1.39473555e+16
 1.65174129e-06  3.55174856e-01  1.12416255e+18  1.00011132e+22  1.09458166e+16
 1.66169154e-06  3.55174690e-01  1.09195090e+18  1.00010834e+22  8.58714492e+15
 1.67164179e-06  3.55174522e-01  1.05974747e+18  1.00010530e+22  6.73377817e+15
 1.68159204e-06  3.55174354e-01  1.02755198e+18  1.00010223e+22  5.27759003e+15
 1.69154229e-06  3.55174184e-01  9.95364180e+17  1.00009912e+22  4.13359148e+15
 1.70149254e-06  3.55174014e-01  9.63183819e+17  1.00009599e+22  3.23497976e+15
 1.71144279e-06  3.55173844e-01  9.31010641e+17  1.00009285e+22  2.52924663e+15
 1.72139303e-06  3.55173673e-01  8.98844395e+17  1.00008969e+22  1.97511975e+15
 1.73134328e-06  3.55173502e-01  8.66684831e+17  1.00008651e+22  1.54015821e+15
 1.74129353e-06  3.55173331e-01  8.34531699e+17  1.00008333e+22  1.19886277e+15
 1.75124378e-06  3.55173159e-01  8.02384752e+17  1.00008015e+22  9.31190463e+14
 1.76119403e-06  3.55172988e-01  7.70243741e+17  1.00007695e+22  7.21387025e+14
 1.77114428e-06  3.55172816e-01  7.38108419e+17  1.00007376e+22  5.57069124e+14
 1.78109453e-06  3.55172644e-01  7.05978540e+17  1.00007056e+22  4.28503032e+14
 1.79104478e-06  3.55172472e-01  6.73853855e+17  1.00006735e+22  3.28037587e+14
 1.80099502e-06  3.55172300e-01  6.41734119e+17  1.00006415e+22  2.49658538e+14
 1.81094527e-06  3.55172128e-01  6.09619086e+17  1.00006094e+22  1.88638158e+14
 1.82089552e-06  3.55171956e-01  5.77508508e+17  1.00005774e+22  1.41259855e+14
 1.83084577e-06  3.55171784e-01  5.45402141e+17  1.00005453e+22  1.04601714e+14
 1.84079602e-06  3.55171612e-01  5.13299737e+17  1.00005132e+22  7.63662675e+13
 1.85074627e-06  3.55171440e-01  4.81201052e+17  1.00004811e+22  5.47466458e+13
 1.86069652e-06  3.55171268e-01  4.49105839e+17  1.00004491e+22  3.83213864e+13
 1.87064677e-06  3.55171096e-01  4.17013852e+17  1.00004170e+22  2.59715687e+13
 1.88059701e-06  3.55170924e-01  3.84924845e+17  1.00003849e+22  1.68156778e+13
 1.89054726e-06  3.55170752e-01  3.52838573e+17  1.00003528e+22  1.01582373e+13
 1.90049751e-06  3.55170580e-01  3.20754790e+17  1.00003207e+22  5.44926912e+12
 1.91044776e-06  3.55170407e-01  2.88673250e+17  1.00002887e+22  2.25233286e+12
 1.92039801e-06  3.55170235e-01  2.56593708e+17  1.00002566e+22  2.19066401e+11
 1.93034826e-06  3.55170063e-01  2.24515918e+17  1.00002245e+22 -9.31118711e+11
 1.94029851e-06  3.55169891e-01  1.92439633e+17  1.00001924e+22 -1.42738037e+12
 1.95024876e-06  3.55169719e-01  1.60364609e+17  1.00001604e+22 -1.46081736e+12
 1.96019900e-06  3.55169547e-01  1.28290600e+17  1.00001283e+22 -1.19547730e+12
 1.97014925e-06  3.55169375e-01  9.62173601e+16  1.00000962e+22 -7.78125181e+11
 1.98009950e-06  3.55169203e-01  6.41446435e+16  1.00000641e+22 -3.46590020e+11
 1.99004975e-06  3.55168859e-01  3.20725250e+16  9.99996550e+21  6.65690752e+16
 2.00000000e-06  3.55168859e-01  1.16643594e+10  1.00000000e+22  0.00000000e+00
