 0.00000000e+00 -1.17278627e-06 -2.29278885e-12 -1.17278856e-06   7
 1.00000000e-02  6.15272995e-04  4.21559238e-06  6.19488588e-04   5
 2.00000000e-02  1.34617539e-03  1.04010877e-05  1.35657647e-03   5
 3.00000000e-02  2.21172830e-03  1.94807662e-05  2.23120907e-03   5
 4.00000000e-02  3.24275403e-03  3.28125418e-05  3.27556657e-03   5
 5.00000000e-02  4.48062993e-03  5.23913710e-05  4.53302130e-03   5
 6.00000000e-02  5.97846124e-03  8.11480676e-05  6.05960931e-03   5
 7.00000000e-02  7.79712290e-03  1.23388257e-04  7.92051116e-03   5
 8.00000000e-02  1.00144586e-02  1.85437186e-04  1.01998958e-02   5
 9.00000000e-02  1.27243279e-02  2.76586904e-04  1.30009148e-02   5
 1.00000000e-01  1.60451455e-02  4.10487585e-04  1.64556331e-02   5
 1.10000000e-01  2.01242794e-02  6.07191213e-04  2.07314706e-02   5
 1.20000000e-01  2.51395899e-02  8.96153444e-04  2.60357433e-02   5
 1.30000000e-01  3.13171316e-02  1.32064278e-03  3.26377744e-02   5
 1.40000000e-01  3.89376036e-02  1.94421674e-03  4.08818203e-02   5
 1.50000000e-01  4.83518888e-02  2.86023363e-03  5.12121224e-02   5
 1.60000000e-01  6.00005884e-02  4.20582282e-03  6.42064112e-02   5
 1.70000000e-01  7.44369643e-02  6.18240242e-03  8.06193667e-02   5
 1.80000000e-01  9.23628191e-02  9.08581253e-03  1.01448632e-01   5
 1.90000000e-01  1.14672366e-01  1.33505690e-02  1.28022935e-01   5
 2.00000000e-01  1.42497416e-01  1.96148527e-02  1.62112269e-01   5
 2.10000000e-01  1.77302598e-01  2.88159483e-02  2.06118546e-01   5
 2.20000000e-01  2.20967996e-01  4.23303927e-02  2.63298388e-01   5
 2.30000000e-01  2.75942718e-01  6.21797738e-02  3.38122492e-01   5
 2.40000000e-01  3.45425284e-01  9.13329225e-02  4.36758206e-01   5
 2.50000000e-01  4.33626178e-01  1.34149629e-01  5.67775807e-01   5
 2.60000000e-01  5.46125810e-01  1.97032143e-01  7.43157953e-01   5
 2.70000000e-01  6.90383835e-01  2.89381718e-01  9.79765554e-01   5
 2.80000000e-01  8.76428785e-01  4.25002983e-01  1.30143177e+00   5
 2.90000000e-01  1.11786091e+00  6.24165687e-01  1.74202660e+00   5
 3.00000000e-01  1.43324231e+00  9.16631425e-01  2.34987373e+00   5
 3.10000000e-01  1.84809448e+00  1.34609677e+00  3.19419125e+00   5
 3.20000000e-01  2.39773964e+00  1.97671527e+00  4.37445491e+00   5
 3.30000000e-01  3.13136557e+00  2.90267057e+00  6.03403615e+00   5
 3.40000000e-01  4.11788062e+00  4.26222709e+00  8.38010771e+00   5
 3.50000000e-01  5.45433445e+00  6.25835122e+00  1.17126857e+01   5
 3.60000000e-01  7.27808614e+00  9.18897364e+00  1.64670598e+01   5
 3.70000000e-01  9.78440223e+00  1.34913968e+01  2.32757991e+01   5
 3.80000000e-01  1.32519838e+01  1.98074541e+01  3.30594379e+01   5
 3.90000000e-01  1.80799988e+01  2.90791083e+01  4.71591071e+01   5
 4.00000000e-01  2.48419403e+01  4.26886949e+01  6.75306352e+01   5
 4.10000000e-01  3.43639752e+01  6.26646334e+01  9.70286086e+01   5
 4.20000000e-01  4.78390776e+01  9.19831240e+01  1.39822202e+02   5
 4.30000000e-01  6.69933599e+01  1.35010537e+02  2.02003897e+02   5
 4.40000000e-01  9.43286340e+01  1.98151964e+02  2.92480598e+02   5
 4.50000000e-01  1.33476270e+02  2.90801750e+02  4.24278020e+02   5
 4.60000000e-01  1.89713516e+02  4.26736110e+02  6.16449625e+02   5
 4.70000000e-01  2.70716854e+02  6.26152512e+02  8.96869366e+02   5
 4.80000000e-01  3.87636803e+02  9.18654361e+02  1.30629116e+03   6
 4.90000000e-01  5.56787147e+02  1.34761544e+03  1.90440259e+03   6
 5.00000000e-01  8.01859510e+02  1.97655474e+03  2.77841425e+03   6
